object Form1: TForm1
  Left = 0
  Top = 0
  Caption = 'Form1'
  ClientHeight = 480
  ClientWidth = 640
  FormFactor.Width = 320
  FormFactor.Height = 480
  FormFactor.Devices = [Desktop]
  DesignerMasterStyle = 0
  object lvResults: TListView
    ItemAppearanceClassName = 'TListItemAppearance'
    ItemEditAppearanceClassName = 'TListItemShowCheckAppearance'
    HeaderAppearanceClassName = 'TListHeaderObjects'
    FooterAppearanceClassName = 'TListHeaderObjects'
    Align = Client
    Margins.Left = 5.000000000000000000
    Margins.Top = 5.000000000000000000
    Margins.Right = 5.000000000000000000
    Margins.Bottom = 5.000000000000000000
    Size.Width = 630.000000000000000000
    Size.Height = 419.000000000000000000
    Size.PlatformDefault = False
    TabOrder = 0
    object ShadowEffect1: TShadowEffect
      Distance = 3.000000000000000000
      Direction = 45.000000000000000000
      Softness = 0.300000011920929000
      Opacity = 0.600000023841857900
      ShadowColor = claBlack
    end
    object ShadowEffect4: TShadowEffect
      Distance = 3.000000000000000000
      Direction = 45.000000000000000000
      Softness = 0.300000011920929000
      Opacity = 0.600000023841857900
      ShadowColor = claBlack
    end
  end
  object Layout1: TLayout
    Align = Bottom
    Padding.Left = 5.000000000000000000
    Padding.Top = 5.000000000000000000
    Padding.Right = 10.000000000000000000
    Padding.Bottom = 5.000000000000000000
    Margins.Left = 5.000000000000000000
    Margins.Top = 5.000000000000000000
    Margins.Right = 5.000000000000000000
    Margins.Bottom = 5.000000000000000000
    Position.X = 5.000000000000000000
    Position.Y = 434.000000000000000000
    Size.Width = 630.000000000000000000
    Size.Height = 41.000000000000000000
    Size.PlatformDefault = False
    TabOrder = 1
    object btnAddString: TCornerButton
      Align = MostRight
      Margins.Right = 5.000000000000000000
      Position.X = 271.000000000000000000
      Position.Y = 5.000000000000000000
      Sides = [Top, Left, Bottom, Right]
      Size.Width = 172.000000000000000000
      Size.Height = 31.000000000000000000
      Size.PlatformDefault = False
      TabOrder = 1
      Text = #1044#1086#1073#1072#1074#1080#1090#1100' '#1089#1090#1088#1086#1082#1091
      TextSettings.Trimming = None
      XRadius = 3.000000000000000000
      YRadius = 3.000000000000000000
      object ShadowEffect2: TShadowEffect
        Distance = 3.000000000000000000
        Direction = 45.000000000000000000
        Softness = 0.300000011920929000
        Opacity = 0.600000023841857900
        ShadowColor = claBlack
      end
    end
    object btnAddTable: TCornerButton
      Align = MostRight
      Position.X = 448.000000000000000000
      Position.Y = 5.000000000000000000
      Sides = [Top, Left, Bottom, Right]
      Size.Width = 172.000000000000000000
      Size.Height = 31.000000000000000000
      Size.PlatformDefault = False
      TabOrder = 0
      Text = #1044#1086#1073#1072#1074#1080#1090#1100' '#1090#1072#1073#1083#1080#1094#1091
      TextSettings.Trimming = None
      XRadius = 3.000000000000000000
      YRadius = 3.000000000000000000
      OnClick = btnAddTableClick
      object ShadowEffect3: TShadowEffect
        Distance = 3.000000000000000000
        Direction = 45.000000000000000000
        Softness = 0.300000011920929000
        Opacity = 0.600000023841857900
        ShadowColor = claBlack
      end
    end
  end
end
